 -0.999509811      -2.32187602E-09
 -0.998485327      -3.64872434E-08
 -0.997368574      -1.73150440E-07
 -0.996151447      -4.69618954E-07
 -0.994824529      -9.55129735E-07
 -0.993378401      -1.61565504E-06
 -0.991802096      -2.40188365E-06
 -0.990083873      -3.25042993E-06
 -0.988210976      -4.10339271E-06
 -0.986169636      -4.91583842E-06
 -0.983944535      -5.65570735E-06
 -0.981519103      -6.30191653E-06
 -0.978875399      -6.84277529E-06
 -0.975993872      -7.27584484E-06
 -0.972852886      -7.60665307E-06
 -0.969429255      -7.84722124E-06
 -0.965697527      -8.02408067E-06
 -0.961629868      -8.16456941E-06
 -0.957196236      -8.27542681E-06
 -0.952363491      -8.36750769E-06
 -0.947095752      -8.43375346E-06
 -0.941353917      -8.45847899E-06
 -0.935095429      -8.48230229E-06
 -0.928273678      -8.50994729E-06
 -0.920837879      -8.53498477E-06
 -0.912732899      -8.56461247E-06
 -0.903898478      -8.58011390E-06
 -0.894268990      -8.60035379E-06
 -0.883772790      -8.53343863E-06
 -0.872331858      -8.43100679E-06
 -0.859861374      -8.41585097E-06
 -0.846268594      -8.52376797E-06
 -0.831452310      -8.46713920E-06
 -0.815954208      -8.28327393E-06
 -0.800412178      -7.89160094E-06
 -0.784870207      -7.61679121E-06
 -0.769328177      -7.60000694E-06
 -0.753786206      -7.58059514E-06
 -0.738244295      -7.63966364E-06
 -0.722702324      -7.58227225E-06
 -0.707160354      -7.55305564E-06
 -0.691618323      -7.47774948E-06
 -0.676076353      -7.45368652E-06
 -0.660534382      -7.26699091E-06
 -0.644992352      -7.23991025E-06
 -0.629450381      -7.21183505E-06
 -0.613908350      -7.17636567E-06
 -0.598366380      -7.05545926E-06
 -0.582824469      -7.01320278E-06
 -0.567282438      -7.04886679E-06
 -0.551740408      -6.97351288E-06
 -0.536198497      -6.90349771E-06
 -0.520656526      -6.84104498E-06
 -0.505114496      -6.68620851E-06
 -0.489572525      -6.55276881E-06
 -0.474030495      -6.40238977E-06
 -0.458488524      -6.29884380E-06
 -0.442946553      -6.18333888E-06
 -0.427404612      -6.07440916E-06
 -0.411862612      -6.01609827E-06
 -0.396320581      -5.91385560E-06
 -0.380778611      -5.85276757E-06
 -0.365236670      -5.72366207E-06
 -0.349694669      -5.60998069E-06
 -0.334152669      -5.42941007E-06
 -0.318610668      -5.24587904E-06
 -0.303068668      -5.05269372E-06
 -0.287526727      -4.82684391E-06
 -0.271984726      -4.63261631E-06
 -0.256442755      -4.43837689E-06
 -0.240900755      -4.27823215E-06
 -0.225358784      -4.15042814E-06
 -0.209816799      -3.99128476E-06
 -0.194274798      -3.82944609E-06
 -0.178732827      -3.67530083E-06
 -0.163190827      -3.53268683E-06
 -0.147648841      -3.38049904E-06
 -0.132106870      -3.22927690E-06
 -0.116564892      -3.07785035E-06
 -0.101022899      -2.93203652E-06
  -8.54809135E-02  -2.76180367E-06
  -6.99389279E-02  -2.56823569E-06
  -5.43969423E-02  -2.39535711E-06
  -3.88549604E-02  -2.24102973E-06
  -2.33129766E-02  -2.10306780E-06
  -7.77099235E-03  -1.96174051E-06
   7.77099235E-03  -1.80064217E-06
   2.33129766E-02  -1.62510412E-06
   3.88549604E-02  -1.45202773E-06
   5.43969423E-02  -1.28841998E-06
   6.99389279E-02  -1.13500676E-06
   8.54809135E-02  -9.88032980E-07
  0.101022899      -8.28582301E-07
  0.116564892      -6.63292781E-07
  0.132106870      -4.67582794E-07
  0.147648841      -2.74749766E-07
  0.163190842      -8.81817854E-08
  0.178732827       1.13442724E-07
  0.194274798       2.89459308E-07
  0.209816799       4.65751327E-07
  0.225358784       6.41038014E-07
  0.240900755       8.42336533E-07
  0.256442755       1.05832157E-06
  0.271984756       1.25492011E-06
  0.287526727       1.43854061E-06
  0.303068697       1.59511694E-06
  0.318610668       1.75574701E-06
  0.334152669       1.92241737E-06
  0.349694669       2.09883115E-06
  0.365236640       2.21532605E-06
  0.380778581       2.30219280E-06
  0.396320611       2.40001327E-06
  0.411862612       2.49525533E-06
  0.427404612       2.61076843E-06
  0.442946553       2.67719201E-06
  0.458488494       2.79722599E-06
  0.474030495       2.89343484E-06
  0.489572525       2.95288282E-06
  0.505114496       3.09309326E-06
  0.520656526       3.27362045E-06
  0.536198497       3.49252628E-06
  0.551740408       3.66457812E-06
  0.567282438       3.66681525E-06
  0.582824469       3.71378883E-06
  0.598366380       3.79675339E-06
  0.613908350       3.73022840E-06
  0.629450381       3.90260857E-06
  0.644992352       4.00958334E-06
  0.660534382       4.13411544E-06
  0.676076353       4.46264812E-06
  0.691618323       4.75643492E-06
  0.707160354       5.03460569E-06
  0.722702265       5.25745281E-06
  0.738244236       5.43914530E-06
  0.753786147       5.61024444E-06
  0.769328177       5.68096175E-06
  0.784870207       5.76351249E-06
  0.800412178       5.73576972E-06
  0.815954208       6.01730198E-06
  0.831452310       6.14718056E-06
  0.846268535       6.26496740E-06
  0.859861374       6.22095104E-06
  0.872331858       6.14380497E-06
  0.883772790       6.10190500E-06
  0.894268990       6.06467211E-06
  0.903898478       6.03115586E-06
  0.912732840       6.04205843E-06
  0.920837879       6.11783344E-06
  0.928273678       6.24084305E-06
  0.935095429       6.34007620E-06
  0.941353917       6.39204973E-06
  0.947095692       6.45184900E-06
  0.952363431       6.48790501E-06
  0.957196236       6.47434990E-06
  0.961629868       6.41510724E-06
  0.965697527       6.32143838E-06
  0.969429255       6.19047205E-06
  0.972852945       6.00400745E-06
  0.975993872       5.74629439E-06
  0.978875399       5.40807150E-06
  0.981519103       4.98375630E-06
  0.983944595       4.47730963E-06
  0.986169636       3.89765773E-06
  0.988210976       3.25895053E-06
  0.990083873       2.58493242E-06
  0.991802156       1.91099093E-06
  0.993378401       1.28431816E-06
  0.994824529       7.57429234E-07
  0.996151328       3.71026175E-07
  0.997368574       1.36061004E-07
  0.998485327       2.83701134E-08
  0.999509811       1.76280479E-09
