 -0.999509811       2.58249149E-16
 -0.998485327      -7.45580158E-16
 -0.997368574      -6.25069419E-17
 -0.996151447      -7.11681233E-15
 -0.994824529      -2.89445134E-15
 -0.993378401      -2.60667647E-14
 -0.991802096      -2.80312442E-14
 -0.990083873       4.07354136E-14
 -0.988210976      -3.96354600E-14
 -0.986169636       5.19906790E-14
 -0.983944535      -8.61189578E-14
 -0.981519103      -3.67819551E-14
 -0.978875399      -4.75157701E-14
 -0.975993872      -9.03277460E-15
 -0.972852886      -1.87048151E-14
 -0.969429255       3.28341785E-14
 -0.965697527       8.70357321E-14
 -0.961629868      -1.54925402E-13
 -0.957196236      -8.44381463E-14
 -0.952363491      -1.63214684E-13
 -0.947095752       2.33513990E-14
 -0.941353917       2.08733570E-13
 -0.935095429       3.62800440E-14
 -0.928273678      -1.52868390E-14
 -0.920837879      -2.36681779E-15
 -0.912732899       6.88519244E-15
 -0.903898478      -6.11890096E-14
 -0.894268990       5.12028198E-14
 -0.883772790       1.33883911E-13
 -0.872331858      -8.03861033E-15
 -0.859861374       7.52520740E-14
 -0.846268594      -7.70258491E-14
 -0.831452310      -1.01976451E-13
 -0.815954208       1.76675555E-14
 -0.800412178      -1.17974681E-13
 -0.784870207       2.07072467E-14
 -0.769328177       1.32023722E-14
 -0.753786206       8.90558752E-15
 -0.738244295      -1.13022317E-14
 -0.722702324       9.32896508E-15
 -0.707160354      -9.98485742E-15
 -0.691618323      -4.08848404E-14
 -0.676076353       5.15569812E-15
 -0.660534382      -3.81091270E-14
 -0.644992352       3.32677442E-14
 -0.629450381       2.94049012E-14
 -0.613908350      -2.15670597E-14
 -0.598366380      -7.46798202E-15
 -0.582824469      -3.29950741E-14
 -0.567282438      -5.42582624E-15
 -0.551740408      -9.70755662E-15
 -0.536198497       2.52405434E-14
 -0.520656526      -5.33841634E-14
 -0.505114496      -2.14936961E-15
 -0.489572525      -5.01763090E-15
 -0.474030495       3.37273548E-15
 -0.458488524      -1.06080924E-14
 -0.442946553       1.96988100E-14
 -0.427404612       6.21891431E-16
 -0.411862612       1.85692356E-14
 -0.396320581      -2.79874018E-14
 -0.380778611       2.20588318E-14
 -0.365236670       7.65421069E-15
 -0.349694669       1.96117536E-14
 -0.334152669       7.10668181E-15
 -0.318610668       2.18721271E-14
 -0.303068668      -2.35777177E-14
 -0.287526727       2.06370430E-14
 -0.271984726       8.53808110E-15
 -0.256442755       1.39753016E-14
 -0.240900755       8.56241551E-15
 -0.225358784       6.38235006E-15
 -0.209816799      -4.24821301E-16
 -0.194274798      -1.83029357E-15
 -0.178732827       1.16061884E-15
 -0.163190827       4.27930193E-15
 -0.147648841       1.78411956E-14
 -0.132106870      -8.48615628E-16
 -0.116564892       3.32097461E-14
 -0.101022899      -5.25440795E-15
  -8.54809135E-02   1.46078540E-14
  -6.99389279E-02   1.14028782E-15
  -5.43969423E-02  -3.20588566E-15
  -3.88549604E-02   3.34862702E-15
  -2.33129766E-02   9.11992666E-15
  -7.77099235E-03   1.09322214E-14
   7.77099235E-03   9.24190872E-15
   2.33129766E-02   1.17838571E-14
   3.88549604E-02  -3.16835448E-15
   5.43969423E-02  -1.84033781E-14
   6.99389279E-02   1.46153089E-15
   8.54809135E-02  -1.63808898E-15
  0.101022899       6.68215483E-15
  0.116564892      -1.75896302E-14
  0.132106870       8.22861507E-15
  0.147648841      -1.04594364E-14
  0.163190842       3.15394370E-15
  0.178732827       5.74986166E-15
  0.194274798      -3.51585419E-15
  0.209816799      -1.07688857E-16
  0.225358784      -7.43384236E-15
  0.240900755       2.53814185E-14
  0.256442755      -3.20217185E-15
  0.271984756       5.63394351E-15
  0.287526727      -1.35724206E-14
  0.303068697      -3.24673217E-14
  0.318610668       2.52704470E-14
  0.334152669      -2.78212867E-14
  0.349694669       3.09179901E-14
  0.365236640       9.55435716E-15
  0.380778581      -4.59931301E-14
  0.396320611      -1.28649871E-14
  0.411862612      -1.16994749E-14
  0.427404612      -8.28781505E-15
  0.442946553      -9.14575100E-15
  0.458488494       3.97677225E-14
  0.474030495      -9.37956344E-15
  0.489572525       4.54759580E-15
  0.505114496       1.13207664E-14
  0.520656526       6.24514343E-14
  0.536198497      -4.87924486E-14
  0.551740408      -6.18503585E-15
  0.567282438       9.29500075E-15
  0.582824469      -2.55383081E-15
  0.598366380       6.88247541E-14
  0.613908350      -5.30267833E-14
  0.629450381      -3.29602780E-14
  0.644992352       1.46360263E-14
  0.660534382       4.57317290E-14
  0.676076353       1.48856147E-14
  0.691618323      -2.64012144E-15
  0.707160354      -5.55438467E-14
  0.722702265      -4.50694034E-14
  0.738244236       3.06493925E-14
  0.753786147       1.38311307E-14
  0.769328177       2.99217540E-14
  0.784870207      -1.41521460E-14
  0.800412178      -1.48905332E-15
  0.815954208      -4.20590449E-14
  0.831452310       1.20352702E-13
  0.846268535      -6.81309664E-14
  0.859861374       1.77428076E-14
  0.872331858      -1.00846108E-14
  0.883772790      -6.00388202E-14
  0.894268990      -1.08959506E-14
  0.903898478      -2.39313455E-14
  0.912732840      -2.83529642E-14
  0.920837879       1.14200590E-14
  0.928273678      -8.64856621E-14
  0.935095429      -7.12478104E-14
  0.941353917       1.46342668E-13
  0.947095692      -6.24466019E-15
  0.952363431      -4.48011853E-14
  0.957196236      -2.27817541E-14
  0.961629868       1.78322241E-13
  0.965697527      -3.65778507E-14
  0.969429255      -1.30549792E-14
  0.972852945      -1.33290265E-14
  0.975993872      -1.16402534E-13
  0.978875399      -3.88209193E-14
  0.981519103      -3.47125655E-14
  0.983944595      -2.92481599E-15
  0.986169636      -4.83502364E-14
  0.988210976       2.95747754E-14
  0.990083873      -2.79744676E-14
  0.991802156       3.75019128E-14
  0.993378401       2.66023928E-14
  0.994824529      -7.33270747E-15
  0.996151328       4.12736524E-16
  0.997368574      -3.09092328E-16
  0.998485327      -3.03323409E-15
  0.999509811      -2.31113919E-16
