 -0.999509811       2.31541595E-08
 -0.998485327       5.29705559E-08
 -0.997368574       1.23796795E-07
 -0.996151447       2.40079260E-07
 -0.994824529       4.00654841E-07
 -0.993378401       5.94364110E-07
 -0.991802096       8.02048078E-07
 -0.990083873       1.00073964E-06
 -0.988210976       1.16811941E-06
 -0.986169636       1.28633690E-06
 -0.983944535       1.34997003E-06
 -0.981519103       1.37137567E-06
 -0.978875399       1.35767255E-06
 -0.975993872       1.32427010E-06
 -0.972852886       1.26807288E-06
 -0.969429255       1.19251877E-06
 -0.965697527       1.10578299E-06
 -0.961629868       1.01757269E-06
 -0.957196236       9.28767463E-07
 -0.952363491       8.27102667E-07
 -0.947095752       7.12359736E-07
 -0.941353917       6.10394750E-07
 -0.935095429       5.39005669E-07
 -0.928273678       4.92368258E-07
 -0.920837879       4.49257840E-07
 -0.912732899       4.12795828E-07
 -0.903898478       3.76334157E-07
 -0.894268990       3.34440898E-07
 -0.883772790       2.86157587E-07
 -0.872331858       2.49821795E-07
 -0.859861374       2.46227870E-07
 -0.846268594       2.56023810E-07
 -0.831452310       2.85003381E-07
 -0.815954208       2.65896574E-07
 -0.800412178       2.10665974E-07
 -0.784870207       1.52659510E-07
 -0.769328177       1.09321569E-07
 -0.753786206       8.54829878E-08
 -0.738244295       7.76833105E-08
 -0.722702324       1.13762070E-07
 -0.707160354       1.62661024E-07
 -0.691618323       1.80488570E-07
 -0.676076353       1.70334943E-07
 -0.660534382       1.62030133E-07
 -0.644992352       1.48803863E-07
 -0.629450381       1.19950286E-07
 -0.613908350       9.93084370E-08
 -0.598366380       1.09331054E-07
 -0.582824469       1.27250644E-07
 -0.567282438       1.22877751E-07
 -0.551740408       1.03019957E-07
 -0.536198497       8.78441071E-08
 -0.520656526       7.37058272E-08
 -0.505114496       4.73427306E-08
 -0.489572525       1.06357110E-08
 -0.474030495      -7.56330554E-09
 -0.458488524      -1.64537450E-08
 -0.442946553      -2.19748788E-08
 -0.427404612      -2.29400037E-08
 -0.411862612      -2.03722390E-08
 -0.396320581      -1.44059928E-08
 -0.380778611      -7.95551180E-09
 -0.365236670      -7.13451132E-10
 -0.349694669       2.74613554E-09
 -0.334152669      -2.54860955E-09
 -0.318610668      -1.30772113E-08
 -0.303068668      -1.85675102E-08
 -0.287526727       8.82797516E-11
 -0.271984726       4.15650518E-08
 -0.256442755       6.73442528E-08
 -0.240900755       6.93942113E-08
 -0.225358784       5.84331339E-08
 -0.209816799       5.33250493E-08
 -0.194274798       5.67326666E-08
 -0.178732827       5.57567112E-08
 -0.163190827       4.74055639E-08
 -0.147648841       4.54262619E-08
 -0.132106870       5.23924548E-08
 -0.116564892       6.04173565E-08
 -0.101022899       5.88654565E-08
  -8.54809135E-02   5.20243830E-08
  -6.99389279E-02   5.03300122E-08
  -5.43969423E-02   5.16338439E-08
  -3.88549604E-02   5.06528970E-08
  -2.33129766E-02   4.61950975E-08
  -7.77099235E-03   4.41702319E-08
   7.77099235E-03   4.56545237E-08
   2.33129766E-02   4.62560195E-08
   3.88549604E-02   4.69347619E-08
   5.43969423E-02   4.72496531E-08
   6.99389279E-02   4.65138932E-08
   8.54809135E-02   4.63302534E-08
  0.101022899       4.71890793E-08
  0.116564892       4.88842780E-08
  0.132106870       5.27346700E-08
  0.147648841       6.26723207E-08
  0.163190842       7.00451395E-08
  0.178732827       7.52902665E-08
  0.194274798       7.81308103E-08
  0.209816799       7.22338029E-08
  0.225358784       6.54667573E-08
  0.240900755       6.17943527E-08
  0.256442755       5.62229019E-08
  0.271984756       3.82347416E-08
  0.287526727       2.09455067E-08
  0.303068697       2.37620323E-08
  0.318610668       3.95535089E-08
  0.334152669       4.33298339E-08
  0.349694669       4.16721768E-08
  0.365236640       4.35946035E-08
  0.380778581       4.46241621E-08
  0.396320611       5.17375724E-08
  0.411862612       7.15745401E-08
  0.427404612       8.77737776E-08
  0.442946553       8.37737133E-08
  0.458488494       6.17487999E-08
  0.474030495       1.47657460E-08
  0.489572525      -4.29664269E-08
  0.505114496      -8.46013180E-08
  0.520656526      -9.71705276E-08
  0.536198497      -8.38331431E-08
  0.551740408      -4.63648355E-08
  0.567282438      -3.27308634E-08
  0.582824469      -6.07307271E-08
  0.598366380      -1.02591358E-07
  0.613908350      -1.58113650E-07
  0.629450381      -2.08662271E-07
  0.644992352      -2.29450052E-07
  0.660534382      -2.49732949E-07
  0.676076353      -2.74885309E-07
  0.691618323      -3.17892983E-07
  0.707160354      -4.12643345E-07
  0.722702265      -5.30889167E-07
  0.738244236      -6.15900035E-07
  0.753786147      -6.68644816E-07
  0.769328177      -7.47503350E-07
  0.784870207      -8.10502286E-07
  0.800412178      -8.03191256E-07
  0.815954208      -7.34210175E-07
  0.831452310      -6.69169481E-07
  0.846268535      -6.17300600E-07
  0.859861374      -5.78890820E-07
  0.872331858      -4.79739185E-07
  0.883772790      -3.67159231E-07
  0.894268990      -2.63747950E-07
  0.903898478      -2.08657326E-07
  0.912732840      -2.28283483E-07
  0.920837879      -3.00579245E-07
  0.928273678      -3.95888833E-07
  0.935095429      -4.88293665E-07
  0.941353917      -5.52244501E-07
  0.947095692      -5.87125157E-07
  0.952363431      -6.14193311E-07
  0.957196236      -6.56251075E-07
  0.961629868      -7.26638802E-07
  0.965697527      -8.28308998E-07
  0.969429255      -9.41721453E-07
  0.972852945      -1.04011144E-06
  0.975993872      -1.11648126E-06
  0.978875399      -1.16523529E-06
  0.981519103      -1.17712818E-06
  0.983944595      -1.13959481E-06
  0.986169636      -1.05607728E-06
  0.988210976      -9.35195601E-07
  0.990083873      -7.87869794E-07
  0.991802156      -6.25477128E-07
  0.993378401      -4.62327733E-07
  0.994824529      -3.12726286E-07
  0.996151328      -1.89198758E-07
  0.997368574      -9.91027918E-08
  0.998485327      -4.33174137E-08
  0.999509811      -1.95067571E-08
