  -1.1405365      1.32060016E-10
  -1.1280307      1.32174646E-10
  -1.1165574      1.33051889E-10
  -1.1060313      1.35763262E-10
  -1.0963745      1.41762505E-10
  -1.0875149      1.52967874E-10
  -1.0793869      1.71895040E-10
  -1.0719301      2.01798481E-10
  -1.0650889      2.46793502E-10
  -1.0588126      3.11937393E-10
  -1.0530545      4.03253375E-10
  -1.0477718      5.27689559E-10
  -1.0429254      6.93018865E-10
  -1.0384791      9.07702524E-10
  -1.0344000      1.18075127E-09
  -1.0306576      1.52162150E-09
  -1.0272242      1.94017136E-09
  -1.0240743      2.44668197E-09
  -1.0211846      3.05191716E-09
  -1.0185333      3.76717502E-09
  -1.0161011      4.60427030E-09
  -1.0138696      5.57538682E-09
  -1.0118225      6.69276634E-09
  -1.0099442      7.96822697E-09
  -1.0082211      9.41253742E-09
  -1.0066404      1.10347083E-08
  -1.0051901      1.28413031E-08
  -1.0038595      1.48358268E-08
  -1.0026388      1.70181416E-08
  -1.0015190      1.93844159E-08
  -1.0004916      2.19273346E-08
 -0.99950981      4.88313638E-08
 -0.99848533      1.42266529E-07
 -0.99736857      2.99618364E-07
 -0.99615145      5.09594031E-07
 -0.99482453      7.23509913E-07
 -0.99337846      8.76465663E-07
 -0.99180216      8.95380140E-07
 -0.99008387      7.69434678E-07
 -0.98821098      5.49331503E-07
 -0.98616964      3.29324678E-07
 -0.98394454      1.78856936E-07
 -0.98151910      1.32795506E-07
 -0.97887540      1.96935332E-07
 -0.97599387      3.05929603E-07
 -0.97285289      3.84028056E-07
 -0.96942925      4.50773342E-07
 -0.96569753      5.49496690E-07
 -0.96162987      6.73504246E-07
 -0.95719624      7.38131007E-07
 -0.95236343      6.71649843E-07
 -0.94709569      4.55235011E-07
 -0.94135392      1.97750282E-07
 -0.93509543     -3.25135519E-09
 -0.92827368     -1.66205339E-07
 -0.92083782     -2.90899067E-07
 -0.91273290     -2.77795493E-07
 -0.90389848     -1.34064109E-07
 -0.89426899     -1.82434015E-08
 -0.88377279      5.88930771E-09
 -0.87233186     -1.04132255E-07
 -0.85986143     -2.09743931E-07
 -0.84626853     -3.15664323E-07
 -0.83145231     -2.16849827E-07
 -0.81595415     -4.75858961E-08
 -0.80041218     -8.64924488E-08
 -0.78487021     -1.09872701E-07
 -0.76932818     -1.21355470E-07
 -0.75378621     -1.31597631E-07
 -0.73824430     -9.90599247E-08
 -0.72270232      6.61332988E-09
 -0.70716035      1.23392880E-07
 -0.69161832      1.80747151E-07
 -0.67607635      1.39095050E-07
 -0.66053438      1.00145527E-07
 -0.64499235      3.33516113E-08
 -0.62945038     -3.41464066E-08
 -0.61390835     -5.06755704E-08
 -0.59836638     -6.71203964E-08
 -0.58282447     -1.22834990E-07
 -0.56728244     -9.42679179E-08
 -0.55174041     -4.71341579E-08
 -0.53619850     -7.59376491E-08
 -0.52065653     -1.48332362E-07
 -0.50511450     -1.56523484E-07
 -0.48957253     -1.09885342E-07
 -0.47403049     -4.43863897E-08
 -0.45848849     -1.27993571E-08
 -0.44294658     -1.39320031E-08
 -0.42740458     -1.82421029E-08
 -0.41186258     -3.02352028E-08
 -0.39632058     -6.60241923E-08
 -0.38077861     -8.00426392E-08
 -0.36523667     -9.40355136E-08
 -0.34969467     -1.19473768E-07
 -0.33415267     -1.23646018E-07
 -0.31861067     -1.14836006E-07
 -0.30306870     -9.99180330E-08
 -0.28752673     -7.03483991E-08
 -0.27198476     -4.58331186E-08
 -0.25644276     -3.66209996E-08
 -0.24090075     -2.30404744E-08
 -0.22535880      6.48911980E-10
 -0.20981680      1.86968965E-08
 -0.19427480      2.23767120E-08
 -0.17873283      5.55004620E-09
 -0.16319083     -2.11247464E-08
 -0.14764884     -4.91580430E-08
 -0.13210687     -6.87469282E-08
 -0.11656489     -6.32597974E-08
 -0.10102289     -5.24839159E-08
 -8.54809135E-02 -4.69031534E-08
 -6.99389279E-02 -4.52901929E-08
 -5.43969423E-02 -4.29162661E-08
 -3.88549604E-02 -4.03442471E-08
 -2.33129766E-02 -4.14257464E-08
 -7.77099235E-03 -4.21639115E-08
  7.77099235E-03 -4.35117720E-08
  2.33129766E-02 -4.23753015E-08
  3.88549604E-02 -3.39286785E-08
  5.43969423E-02 -2.44320333E-08
  6.99389279E-02 -1.78836128E-08
  8.54809135E-02 -1.96905887E-08
  0.10102289     -2.71889977E-08
  0.11656489     -4.25193498E-08
  0.13210687     -5.88136935E-08
  0.14764884     -6.28912460E-08
  0.16319083     -5.09563947E-08
  0.17873283     -2.12487787E-08
  0.19427480      2.19511040E-08
  0.20981680      4.30352181E-08
  0.22535880      5.78104711E-08
  0.24090075      8.19844459E-08
  0.25644276      1.14483768E-07
  0.27198476      1.29836337E-07
  0.28752673      1.08878275E-07
  0.30306870      6.06650872E-08
  0.31861067     -9.34097422E-09
  0.33415267     -5.25502237E-08
  0.34969467     -6.68638549E-08
  0.36523667     -6.46743530E-08
  0.38077861     -3.57833905E-08
  0.39632058      3.21509681E-08
  0.41186258      1.05443192E-07
  0.42740458      1.62025700E-07
  0.44294658      1.55519345E-07
  0.45848849      1.32399464E-07
  0.47403049      1.38466078E-07
  0.48957253      1.46339517E-07
  0.50511450      1.60889357E-07
  0.52065653      2.06469352E-07
  0.53619850      2.35565210E-07
  0.55174041      2.31262675E-07
  0.56728244      2.36764691E-07
  0.58282447      1.89996015E-07
  0.59836638      1.25009976E-07
  0.61390835      8.11778236E-08
  0.62945038      8.74721948E-08
  0.64499235      8.08969105E-08
  0.66053438      4.31891456E-09
  0.67607635     -1.06190392E-07
  0.69161832     -1.62396816E-07
  0.70716035     -1.55791852E-07
  0.72270232     -1.28781537E-07
  0.73824430     -2.76749361E-08
  0.75378621      1.06716413E-07
  0.76932818      1.97518929E-07
  0.78487021      2.62826774E-07
  0.80041218      2.48830958E-07
  0.81595415      2.37971292E-07
  0.83145231      3.26949873E-07
  0.84626853      3.35577965E-07
  0.85986143      2.11610953E-07
  0.87233186      1.58870350E-07
  0.88377279      1.34187005E-07
  0.89426899      1.05464196E-07
  0.90389848     -1.03041975E-08
  0.91273290     -1.90966119E-07
  0.92083782     -3.05297192E-07
  0.92827368     -4.25049365E-07
  0.93509543     -5.80878805E-07
  0.94135392     -7.09271944E-07
  0.94709569     -8.18651301E-07
  0.95236343     -9.41476628E-07
  0.95719624     -1.04815240E-06
  0.96162987     -1.16769036E-06
  0.96569753     -1.22908068E-06
  0.96942925     -1.23319444E-06
  0.97285289     -1.25752592E-06
  0.97599387     -1.34287927E-06
  0.97887540     -1.49445270E-06
  0.98151910     -1.68393569E-06
  0.98394454     -1.84937483E-06
  0.98616964     -1.93191795E-06
  0.98821098     -1.93860865E-06
  0.99008387     -1.86197099E-06
  0.99180216     -1.69762393E-06
  0.99337846     -1.42873364E-06
  0.99482453     -1.08338713E-06
  0.99615145     -7.26557346E-07
  0.99736857     -4.20662275E-07
  0.99848533     -2.01911405E-07
  0.99950981     -7.19135471E-08
   1.0004916     -3.28515668E-08
   1.0015190     -2.89947888E-08
   1.0026388     -2.53569628E-08
   1.0038595     -2.19612009E-08
   1.0051901     -1.88258724E-08
   1.0066404     -1.59637530E-08
   1.0082211     -1.33813778E-08
   1.0099442     -1.10790301E-08
   1.0118225     -9.05098307E-09
   1.0138696     -7.28606464E-09
   1.0161011     -5.76855674E-09
   1.0185333     -4.47928805E-09
   1.0211846     -3.39683792E-09
   1.0240743     -2.49872589E-09
   1.0272242     -1.76247306E-09
   1.0306575     -1.16646193E-09
   1.0344000     -6.90544066E-10
   1.0384791     -3.16394688E-10
   1.0429254     -2.76427648E-11
   1.0477718      1.90162996E-10
   1.0530545      3.49688695E-10
   1.0588126      4.61988919E-10
   1.0650889      5.36676481E-10
   1.0719301      5.82069060E-10
   1.0793869      6.05314410E-10
   1.0875149      6.12511541E-10
   1.0963745      6.08848083E-10
   1.1060313      5.98769034E-10
   1.1165574      5.86172388E-10
   1.1280307      5.74598980E-10
   1.1405365      5.67341840E-10
